-9.45664904936257500000000000000000000000000000000000 7.03493884884948500000000000000000000000000000000000 -4.05581856275765900000000000000000000000000000000000 4.97711561944548800000000000000000000000000000000000 5.19780502506440540000000000000000000000000000000000 5.12828236054387000000000000000000000000000000000000 5.73146596226695200000000000000000000000000000000000 5.06755614340062400000000000000000000000000000000000 4.39916054182933200000000000000000000000000000000000 3.40437413246020570000000000000000000000000000000000 4.90443910461236900000000000000000000000000000000000
1.26936416901118680000000000000000000000000000000000 -0.11113775477742309000000000000000000000000000000000 -4.67278850069939300000000000000000000000000000000000 -1.51722519784813840000000000000000000000000000000000 0.30109598627328290000000000000000000000000000000000 -2.46067375432876160000000000000000000000000000000000 -0.94794072029661200000000000000000000000000000000000 -1.92784365156340100000000000000000000000000000000000 2.26111103381683100000000000000000000000000000000000 -2.13184013824990100000000000000000000000000000000000 1.69433504682589100000000000000000000000000000000000
0.97790852201947340000000000000000000000000000000000 1.20199438123723760000000000000000000000000000000000 -1.37714284187895890000000000000000000000000000000000 -0.06639980735814001000000000000000000000000000000000 -0.32428022521620264000000000000000000000000000000000 -0.59981791453554690000000000000000000000000000000000 -0.51321791676003310000000000000000000000000000000000 -0.45176739043381260000000000000000000000000000000000 -0.54154725693697770000000000000000000000000000000000 -0.59654011332019270000000000000000000000000000000000 -0.34605795599846767000000000000000000000000000000000
0.87334315165231350000000000000000000000000000000000 -1.08140807251307200000000000000000000000000000000000 -1.64072410316796740000000000000000000000000000000000 -1.51979506044680300000000000000000000000000000000000 -0.10764972210011371000000000000000000000000000000000 -2.36973797881463400000000000000000000000000000000000 -0.97235871977104340000000000000000000000000000000000 2.26678690163024930000000000000000000000000000000000 -1.03675737656090880000000000000000000000000000000000 -0.67933810851182820000000000000000000000000000000000 -0.64706125876361100000000000000000000000000000000000
0.90768285411386120000000000000000000000000000000000 1.08747591615289900000000000000000000000000000000000 -1.41168778388022640000000000000000000000000000000000 0.07702230611056345000000000000000000000000000000000 0.05582624783713483000000000000000000000000000000000 -0.68300443392140110000000000000000000000000000000000 0.18863437768671965000000000000000000000000000000000 -0.06114423515666759400000000000000000000000000000000 -0.59477635780617100000000000000000000000000000000000 -0.33434647321733424000000000000000000000000000000000 -0.40239373375991144000000000000000000000000000000000
0.90672763910803520000000000000000000000000000000000 -0.74685226431983510000000000000000000000000000000000 -1.30007999871993700000000000000000000000000000000000 0.89495012982065170000000000000000000000000000000000 -0.96631670532870280000000000000000000000000000000000 -1.27136105279538380000000000000000000000000000000000 -0.41604427566480390000000000000000000000000000000000 1.43411453420486800000000000000000000000000000000000 -0.75277245593493260000000000000000000000000000000000 -0.60151424627747160000000000000000000000000000000000 -0.78401781117522820000000000000000000000000000000000
0.93521499573943680000000000000000000000000000000000 0.59999048778520390000000000000000000000000000000000 -1.46582588064759990000000000000000000000000000000000 -0.03336094130206280000000000000000000000000000000000 0.51723483452223200000000000000000000000000000000000 -0.81284810726805390000000000000000000000000000000000 0.73553155222363010000000000000000000000000000000000 0.30170002060177065000000000000000000000000000000000 -0.94487533553025340000000000000000000000000000000000 -0.04002704817710830000000000000000000000000000000000 -0.50781064390707180000000000000000000000000000000000
0.89752046784549990000000000000000000000000000000000 -0.09664850671227965000000000000000000000000000000000 -1.55081670474695430000000000000000000000000000000000 0.88852792592546610000000000000000000000000000000000 -1.25558291064801850000000000000000000000000000000000 -0.42735881735825837000000000000000000000000000000000 -0.28124937104202197000000000000000000000000000000000 -0.15155216718837644000000000000000000000000000000000 -1.13846386715818860000000000000000000000000000000000 -1.06064043952570800000000000000000000000000000000000 -0.53248016769470510000000000000000000000000000000000
0.96341008543809380000000000000000000000000000000000 0.25924259262455635000000000000000000000000000000000 -1.51712555590730470000000000000000000000000000000000 0.92309015322083370000000000000000000000000000000000 -0.39625160218928280000000000000000000000000000000000 -0.77265737743323580000000000000000000000000000000000 -0.13862603909848883000000000000000000000000000000000 -0.45130902588038010000000000000000000000000000000000 -0.63762375237596950000000000000000000000000000000000 -0.63152939696603100000000000000000000000000000000000 -0.72629788617035220000000000000000000000000000000000
0.96275684137441000000000000000000000000000000000000 0.21588772987148447000000000000000000000000000000000 -1.59608457357695440000000000000000000000000000000000 1.20669826132468680000000000000000000000000000000000 -0.03719504484367945600000000000000000000000000000000 -0.66316484064748370000000000000000000000000000000000 -0.23112451932194220000000000000000000000000000000000 -0.36148839652181836000000000000000000000000000000000 -0.68053205201139240000000000000000000000000000000000 -0.46650649830411410000000000000000000000000000000000 -0.65939554537771690000000000000000000000000000000000
1.57354389787224310000000000000000000000000000000000 2.27249286951168800000000000000000000000000000000000 1.37471975506378620000000000000000000000000000000000 0.24089650323714693000000000000000000000000000000000 -0.62717840952866380000000000000000000000000000000000 -0.22286654412532955000000000000000000000000000000000 -2.26753505234439400000000000000000000000000000000000 -0.94193428320555080000000000000000000000000000000000 -0.63642052003964830000000000000000000000000000000000 -1.63157202228586760000000000000000000000000000000000 0.55562196508296660000000000000000000000000000000000
0.96711938043376930000000000000000000000000000000000 -0.20785743282933690000000000000000000000000000000000 -2.04164724201982000000000000000000000000000000000000 1.78813929546860640000000000000000000000000000000000 -1.24920103986267100000000000000000000000000000000000 2.34957965687961500000000000000000000000000000000000 -2.65725327485179050000000000000000000000000000000000 1.11727180878991580000000000000000000000000000000000 -1.54059341544847970000000000000000000000000000000000 -0.76627916501767370000000000000000000000000000000000 -2.79503602594391700000000000000000000000000000000000
0.99294111822339280000000000000000000000000000000000 0.52412739960147000000000000000000000000000000000000 -1.49380445991060660000000000000000000000000000000000 -0.04805089538323631000000000000000000000000000000000 -0.27750139955707637000000000000000000000000000000000 -0.84579288533027070000000000000000000000000000000000 1.05274755654420900000000000000000000000000000000000 -0.25782897037623360000000000000000000000000000000000 -0.57130766615681930000000000000000000000000000000000 -0.76720312105066590000000000000000000000000000000000 -0.51377056806300720000000000000000000000000000000000
0.97158218998860370000000000000000000000000000000000 1.20406057039355230000000000000000000000000000000000 -1.39744622478636880000000000000000000000000000000000 -0.09027081567979185000000000000000000000000000000000 -0.36095667337518510000000000000000000000000000000000 -0.58799991036026310000000000000000000000000000000000 -0.54784771162922640000000000000000000000000000000000 -0.44653510623942855000000000000000000000000000000000 -0.54335008636578090000000000000000000000000000000000 -0.59908086868768120000000000000000000000000000000000 -0.35761436504167005000000000000000000000000000000000
0.90999011100732650000000000000000000000000000000000 0.04470448608568851000000000000000000000000000000000 -1.41127516822278780000000000000000000000000000000000 0.26496656698161936000000000000000000000000000000000 -0.05223941594598210000000000000000000000000000000000 -2.28324098905463200000000000000000000000000000000000 -0.94750967239076240000000000000000000000000000000000 -1.08167609482467020000000000000000000000000000000000 -1.99857633797606500000000000000000000000000000000000 0.37567911435447143000000000000000000000000000000000 3.03401226534353300000000000000000000000000000000000
0.93676677857062300000000000000000000000000000000000 -0.06551526865994614000000000000000000000000000000000 -1.16028703063020950000000000000000000000000000000000 0.08616582815579499000000000000000000000000000000000 -0.70749114674139300000000000000000000000000000000000 -0.76818056375517150000000000000000000000000000000000 -1.36621201900020380000000000000000000000000000000000 0.28697245622045660000000000000000000000000000000000 -0.49739726510779470000000000000000000000000000000000 1.35716767958414400000000000000000000000000000000000 -2.00764425287864420000000000000000000000000000000000
0.93068224486054190000000000000000000000000000000000 0.29741100182318475000000000000000000000000000000000 -1.18808956812507320000000000000000000000000000000000 -1.60090336414428670000000000000000000000000000000000 0.93076979326600830000000000000000000000000000000000 2.20912060452870130000000000000000000000000000000000 0.48456869627446890000000000000000000000000000000000 1.82509040455311420000000000000000000000000000000000 1.71590261987073370000000000000000000000000000000000 -1.00784506485177300000000000000000000000000000000000 -2.36608830803160600000000000000000000000000000000000
0.97035491814859210000000000000000000000000000000000 0.91277947079244700000000000000000000000000000000000 -1.44881008239156800000000000000000000000000000000000 0.05031047103409281000000000000000000000000000000000 0.03338180406447002000000000000000000000000000000000 -0.78405012443661140000000000000000000000000000000000 0.65860971928207670000000000000000000000000000000000 0.01555753662306148800000000000000000000000000000000 -0.51127600621340720000000000000000000000000000000000 -0.52747669399582180000000000000000000000000000000000 -0.38612480171766017000000000000000000000000000000000
0.93201084218670330000000000000000000000000000000000 0.26539316422866266000000000000000000000000000000000 -1.61383377422882500000000000000000000000000000000000 1.01282364835577860000000000000000000000000000000000 0.73085552791017390000000000000000000000000000000000 -0.62410596958438360000000000000000000000000000000000 -0.63851744975730060000000000000000000000000000000000 -0.03927294803038206000000000000000000000000000000000 -0.50860568465355050000000000000000000000000000000000 0.59093182345597070000000000000000000000000000000000 -1.12175943049033070000000000000000000000000000000000
0.92078182307719600000000000000000000000000000000000 -0.58165115580702900000000000000000000000000000000000 -1.65392941832133700000000000000000000000000000000000 3.01004009688177330000000000000000000000000000000000 1.46788129992456600000000000000000000000000000000000 -1.79470157896770540000000000000000000000000000000000 -0.32443298022984720000000000000000000000000000000000 -1.36430938119682520000000000000000000000000000000000 2.62933306269256750000000000000000000000000000000000 -0.71830363572913340000000000000000000000000000000000 -2.12844742542764060000000000000000000000000000000000
0.93945908055908600000000000000000000000000000000000 0.71091196803352070000000000000000000000000000000000 -1.45238606267680750000000000000000000000000000000000 -0.05353480039035397000000000000000000000000000000000 0.39773573299094450000000000000000000000000000000000 -0.75056330359288010000000000000000000000000000000000 0.65884173212688900000000000000000000000000000000000 0.28224805627029330000000000000000000000000000000000 -0.84593308434808230000000000000000000000000000000000 0.19528615343868855000000000000000000000000000000000 -0.54846222562689780000000000000000000000000000000000
0.98499320427390120000000000000000000000000000000000 0.42736254989909017000000000000000000000000000000000 -1.47874623261399800000000000000000000000000000000000 -0.44879107781235900000000000000000000000000000000000 0.96187990429408630000000000000000000000000000000000 -0.89434359335666040000000000000000000000000000000000 0.03855944458324715000000000000000000000000000000000 0.27309525459459794000000000000000000000000000000000 -1.16708338946514820000000000000000000000000000000000 0.40958041688557645000000000000000000000000000000000 -0.78982164794614220000000000000000000000000000000000
0.92855730595449810000000000000000000000000000000000 -0.37886385529454597000000000000000000000000000000000 -1.57387104548236150000000000000000000000000000000000 -0.63640754169859330000000000000000000000000000000000 1.37318681832118880000000000000000000000000000000000 -0.98145996794339200000000000000000000000000000000000 -1.40449729415070680000000000000000000000000000000000 -0.32579549070091550000000000000000000000000000000000 -1.22310961728366290000000000000000000000000000000000 -0.71251764363655250000000000000000000000000000000000 -1.03001685540719930000000000000000000000000000000000
0.91217773207268930000000000000000000000000000000000 0.69085676696674110000000000000000000000000000000000 -1.57245746505455970000000000000000000000000000000000 1.24380660928420300000000000000000000000000000000000 0.52981305058539600000000000000000000000000000000000 -0.71477031851024520000000000000000000000000000000000 -0.09304552939059077000000000000000000000000000000000 0.29691743753658740000000000000000000000000000000000 -0.79493109659422570000000000000000000000000000000000 0.54673779577262170000000000000000000000000000000000 -0.71597007918970830000000000000000000000000000000000
1.00048605238445450000000000000000000000000000000000 1.22426999979896170000000000000000000000000000000000 -1.35220620837345340000000000000000000000000000000000 -0.13068795860706800000000000000000000000000000000000 -0.45895742081894825000000000000000000000000000000000 -0.55341093334557380000000000000000000000000000000000 -0.85642709404074170000000000000000000000000000000000 -0.54416553882254070000000000000000000000000000000000 -0.51738046475609710000000000000000000000000000000000 -0.64901486582677340000000000000000000000000000000000 -0.34854871735144577000000000000000000000000000000000
1.34467149768644730000000000000000000000000000000000 -1.82845296494094500000000000000000000000000000000000 -4.09909032766788100000000000000000000000000000000000 -1.23129826164318670000000000000000000000000000000000 -0.62140353366001600000000000000000000000000000000000 0.95016905100856460000000000000000000000000000000000 1.41550727144632460000000000000000000000000000000000 -2.98808769176616400000000000000000000000000000000000 3.57048084613547360000000000000000000000000000000000 1.49667187151113500000000000000000000000000000000000 1.55991366127804980000000000000000000000000000000000
0.95365805135542740000000000000000000000000000000000 1.14765952670039880000000000000000000000000000000000 -1.39041193741946500000000000000000000000000000000000 -0.06570581141535255000000000000000000000000000000000 -0.20972601133410232000000000000000000000000000000000 -0.62076996204776720000000000000000000000000000000000 -0.26874706140150145000000000000000000000000000000000 -0.31042521230315550000000000000000000000000000000000 -0.54164760329192800000000000000000000000000000000000 -0.57903790429780650000000000000000000000000000000000 -0.37400731487470630000000000000000000000000000000000
0.99644542100439610000000000000000000000000000000000 1.04615903695793230000000000000000000000000000000000 -1.39240487112346420000000000000000000000000000000000 0.01408410070975226100000000000000000000000000000000 -0.19736934100841091000000000000000000000000000000000 -0.79147667223565830000000000000000000000000000000000 0.38726273774007747000000000000000000000000000000000 -0.01431981144513162600000000000000000000000000000000 -0.40827043254041356000000000000000000000000000000000 -0.54735041023237490000000000000000000000000000000000 -0.44019338194813473000000000000000000000000000000000
0.99706171304774990000000000000000000000000000000000 0.97348177155205880000000000000000000000000000000000 -0.73082479955246840000000000000000000000000000000000 -1.03939111469479760000000000000000000000000000000000 2.42132581477029650000000000000000000000000000000000 -1.45093409108043910000000000000000000000000000000000 3.99893792019177850000000000000000000000000000000000 1.28950610355670810000000000000000000000000000000000 -2.87194548307106160000000000000000000000000000000000 1.40619150762242870000000000000000000000000000000000 -0.61862109871911610000000000000000000000000000000000
0.94586029666574440000000000000000000000000000000000 0.18873322691803845000000000000000000000000000000000 -0.57291000841474490000000000000000000000000000000000 0.43758204859315660000000000000000000000000000000000 -0.66263912786031150000000000000000000000000000000000 -0.57654067057182900000000000000000000000000000000000 -0.74903285113044930000000000000000000000000000000000 1.07842483505014330000000000000000000000000000000000 0.12640414914915712000000000000000000000000000000000 2.14603025074968870000000000000000000000000000000000 -1.87697135001917030000000000000000000000000000000000
0.91843088670900360000000000000000000000000000000000 0.11056643709265884000000000000000000000000000000000 -1.59226808463452320000000000000000000000000000000000 0.90809340524121430000000000000000000000000000000000 0.85578739304844410000000000000000000000000000000000 -0.72868549510069380000000000000000000000000000000000 -0.75669926305151290000000000000000000000000000000000 -0.17952078582257920000000000000000000000000000000000 -0.35833867456558420000000000000000000000000000000000 0.44538854749741150000000000000000000000000000000000 -1.48434947945839310000000000000000000000000000000000
0.89288349447195880000000000000000000000000000000000 -0.24571776516136495000000000000000000000000000000000 -1.35795512864301430000000000000000000000000000000000 -0.35157717016195905000000000000000000000000000000000 -0.44277141905409390000000000000000000000000000000000 -0.93601130011374180000000000000000000000000000000000 -1.28968735877663400000000000000000000000000000000000 0.13626290755427625000000000000000000000000000000000 -0.68133328397746650000000000000000000000000000000000 1.26472765513549820000000000000000000000000000000000 -1.95154983120805130000000000000000000000000000000000
0.95021057555678130000000000000000000000000000000000 0.66363045805483600000000000000000000000000000000000 -1.52646611153058930000000000000000000000000000000000 1.19703107450077280000000000000000000000000000000000 0.47626789764306150000000000000000000000000000000000 -0.76537749732161230000000000000000000000000000000000 -0.05409440214486118500000000000000000000000000000000 0.31877887079287180000000000000000000000000000000000 -0.82465001090622570000000000000000000000000000000000 0.47080931111868810000000000000000000000000000000000 -0.72420243599982800000000000000000000000000000000000
1.00937490239668270000000000000000000000000000000000 1.27805794312653840000000000000000000000000000000000 -1.22081327251453860000000000000000000000000000000000 -0.41292433455120153000000000000000000000000000000000 -0.69107642807100460000000000000000000000000000000000 -0.50287088864226190000000000000000000000000000000000 -1.62781087305820750000000000000000000000000000000000 -0.97600898432797620000000000000000000000000000000000 -0.28482587476645140000000000000000000000000000000000 -0.76935030416021850000000000000000000000000000000000 -0.38398696190327480000000000000000000000000000000000
0.93985090117669960000000000000000000000000000000000 1.25557935940905070000000000000000000000000000000000 -1.38014148882431490000000000000000000000000000000000 -0.17231613986452338000000000000000000000000000000000 -0.46005101294503636000000000000000000000000000000000 -0.57387284613263880000000000000000000000000000000000 -0.84897992644121080000000000000000000000000000000000 -0.63688109189051130000000000000000000000000000000000 -0.50138950122164140000000000000000000000000000000000 -0.67490030476042320000000000000000000000000000000000 -0.37442952257597770000000000000000000000000000000000
1.04895021009870600000000000000000000000000000000000 0.93069478671533800000000000000000000000000000000000 -1.40494834951935350000000000000000000000000000000000 0.12447914775449372000000000000000000000000000000000 0.25376319052213936000000000000000000000000000000000 -0.70796105546986910000000000000000000000000000000000 0.21426505874477997000000000000000000000000000000000 0.15287299089244638000000000000000000000000000000000 -0.73775810413423000000000000000000000000000000000000 -0.16079632494928964000000000000000000000000000000000 -0.43297983686717467000000000000000000000000000000000
0.99168610290767080000000000000000000000000000000000 1.27045593150012300000000000000000000000000000000000 -1.23195527091876020000000000000000000000000000000000 -0.42050124748729140000000000000000000000000000000000 -0.67713022525257170000000000000000000000000000000000 -0.49144001199817083000000000000000000000000000000000 -1.66076416641441370000000000000000000000000000000000 -0.99823761138736920000000000000000000000000000000000 -0.27475478773924320000000000000000000000000000000000 -0.76407381842701530000000000000000000000000000000000 -0.37204422375904060000000000000000000000000000000000
1.02151486430587580000000000000000000000000000000000 2.42927882046420730000000000000000000000000000000000 -1.16672393483714800000000000000000000000000000000000 0.06008596910986526600000000000000000000000000000000 -1.12470019185290430000000000000000000000000000000000 3.03884932886444300000000000000000000000000000000000 -0.32787403061916615000000000000000000000000000000000 -0.10560484887913646000000000000000000000000000000000 -2.22289002854058800000000000000000000000000000000000 0.30457457965231904000000000000000000000000000000000 1.83762878302202460000000000000000000000000000000000
0.94220938234680580000000000000000000000000000000000 1.21065445848388450000000000000000000000000000000000 -1.37708783525697780000000000000000000000000000000000 -0.04796375326819733000000000000000000000000000000000 -0.27150721695165553000000000000000000000000000000000 -0.55437894821623480000000000000000000000000000000000 -0.47099701542749334000000000000000000000000000000000 -0.44435747872020087000000000000000000000000000000000 -0.50788131971445440000000000000000000000000000000000 -0.60313659268015930000000000000000000000000000000000 -0.33352411283201305000000000000000000000000000000000
0.97616727330915520000000000000000000000000000000000 -0.04915166868092341000000000000000000000000000000000 -0.90629036217817230000000000000000000000000000000000 1.74541173995088330000000000000000000000000000000000 -1.22507334827392020000000000000000000000000000000000 -0.95620615062666470000000000000000000000000000000000 -0.30892479213174420000000000000000000000000000000000 2.06801186283988400000000000000000000000000000000000 -0.47619821235101284000000000000000000000000000000000 -0.70078540880207970000000000000000000000000000000000 -0.92885006201198730000000000000000000000000000000000
0.85169075196424390000000000000000000000000000000000 -0.28798316816981295000000000000000000000000000000000 -1.47678777627778770000000000000000000000000000000000 -1.00096026652676050000000000000000000000000000000000 1.31393523392029170000000000000000000000000000000000 -0.90844696697523690000000000000000000000000000000000 -0.85351310852019790000000000000000000000000000000000 -0.14363114785608130000000000000000000000000000000000 -1.52264412358816450000000000000000000000000000000000 -1.07122797140594650000000000000000000000000000000000 -0.73795420678022080000000000000000000000000000000000
0.98583147968052730000000000000000000000000000000000 1.35121224402901550000000000000000000000000000000000 -1.10107445045439460000000000000000000000000000000000 -0.58680641594756670000000000000000000000000000000000 -0.77744608901535890000000000000000000000000000000000 -0.45604233884544920000000000000000000000000000000000 -2.15820006883441140000000000000000000000000000000000 -1.21481992108064070000000000000000000000000000000000 -0.07887857611997576000000000000000000000000000000000 -0.82967492055338490000000000000000000000000000000000 -0.32245632276973630000000000000000000000000000000000
0.97373035386184230000000000000000000000000000000000 -0.07973039627612753000000000000000000000000000000000 -1.50615244727990080000000000000000000000000000000000 -0.12324062923659558000000000000000000000000000000000 -0.61553017654471500000000000000000000000000000000000 -0.85685017276115540000000000000000000000000000000000 1.32035092515974760000000000000000000000000000000000 -0.02796355728983046500000000000000000000000000000000 -1.03972735509118990000000000000000000000000000000000 -0.06260300225301106000000000000000000000000000000000 -0.94479910113713670000000000000000000000000000000000
0.95062613004084510000000000000000000000000000000000 -0.10245116698854788000000000000000000000000000000000 -1.51779467831536040000000000000000000000000000000000 -0.94764526630615740000000000000000000000000000000000 1.22407203999355250000000000000000000000000000000000 -0.89889360933833000000000000000000000000000000000000 -1.17300190763115290000000000000000000000000000000000 -0.13553252804804558000000000000000000000000000000000 -1.26702107518378960000000000000000000000000000000000 -0.09800314694142806000000000000000000000000000000000 -0.86474340196995570000000000000000000000000000000000
0.97878687969508820000000000000000000000000000000000 0.80668657979339730000000000000000000000000000000000 -1.58503242875207520000000000000000000000000000000000 -0.58034316301349010000000000000000000000000000000000 -1.22918628916919850000000000000000000000000000000000 -1.37167330524328750000000000000000000000000000000000 0.50245402027212250000000000000000000000000000000000 -0.44837206851000700000000000000000000000000000000000 3.04937415052465300000000000000000000000000000000000 -1.24040172618490600000000000000000000000000000000000 -1.95410502159023980000000000000000000000000000000000
0.93509678506397160000000000000000000000000000000000 -1.59453149546346530000000000000000000000000000000000 -1.49781860567408230000000000000000000000000000000000 -2.48884518630163050000000000000000000000000000000000 -0.00754659287076732600000000000000000000000000000000 -3.03356106071442400000000000000000000000000000000000 -1.65335395036158620000000000000000000000000000000000 1.77989289016673200000000000000000000000000000000000 -1.06613776016359770000000000000000000000000000000000 -1.43925930814242300000000000000000000000000000000000 -0.70288709704910690000000000000000000000000000000000
0.92591942363664490000000000000000000000000000000000 0.58482710947660630000000000000000000000000000000000 -1.44549032974673990000000000000000000000000000000000 -0.04283549035376831000000000000000000000000000000000 0.48414674560775870000000000000000000000000000000000 -0.86480499003344690000000000000000000000000000000000 0.73452163201772000000000000000000000000000000000000 0.38892702201307070000000000000000000000000000000000 -0.97869409224248860000000000000000000000000000000000 0.03683182664171774000000000000000000000000000000000 -0.58237981629035400000000000000000000000000000000000
1.00222253647689330000000000000000000000000000000000 -0.38933050650478440000000000000000000000000000000000 -1.54178693331140050000000000000000000000000000000000 -1.09925107503252260000000000000000000000000000000000 1.36825033914324010000000000000000000000000000000000 -0.92459778042223350000000000000000000000000000000000 -1.11349227130128200000000000000000000000000000000000 -0.23499175095608310000000000000000000000000000000000 -1.40688494736452680000000000000000000000000000000000 -0.80214354637581380000000000000000000000000000000000 -0.85644389596716060000000000000000000000000000000000
0.90954456231813490000000000000000000000000000000000 0.57359542946057260000000000000000000000000000000000 -1.45321660876248270000000000000000000000000000000000 -0.01887292297501090000000000000000000000000000000000 0.04325591835167064000000000000000000000000000000000 -0.84010111752570190000000000000000000000000000000000 0.93934882025052410000000000000000000000000000000000 0.11091880344027490000000000000000000000000000000000 -0.79892853306474130000000000000000000000000000000000 -0.34317244846268635000000000000000000000000000000000 -0.53590224359401930000000000000000000000000000000000
0.91434089580409940000000000000000000000000000000000 0.98387077493040760000000000000000000000000000000000 -1.41274859100133640000000000000000000000000000000000 0.09095239220433153000000000000000000000000000000000 -0.01391151852023686000000000000000000000000000000000 -0.80336231547409620000000000000000000000000000000000 0.56589499997649800000000000000000000000000000000000 0.05181532968604226500000000000000000000000000000000 -0.46488570049605260000000000000000000000000000000000 -0.55147133424980230000000000000000000000000000000000 -0.39242370655414260000000000000000000000000000000000
0.96269476103308620000000000000000000000000000000000 0.97838562301578210000000000000000000000000000000000 -1.39442395650520880000000000000000000000000000000000 0.08579058067929023000000000000000000000000000000000 0.18759020645151153000000000000000000000000000000000 -0.71272929890950080000000000000000000000000000000000 0.37284253163580250000000000000000000000000000000000 0.05244529352540318000000000000000000000000000000000 -0.62731999135189180000000000000000000000000000000000 -0.34696516722942683000000000000000000000000000000000 -0.38640745874667176000000000000000000000000000000000
0.94699259200849410000000000000000000000000000000000 1.14836940121223450000000000000000000000000000000000 -1.40013064763144210000000000000000000000000000000000 -0.00602297421981030800000000000000000000000000000000 -0.13979205931952643000000000000000000000000000000000 -0.61445478232053860000000000000000000000000000000000 -0.11925893369153640000000000000000000000000000000000 -0.23344623112337898000000000000000000000000000000000 -0.53738098442057520000000000000000000000000000000000 -0.50646671107866490000000000000000000000000000000000 -0.35929455384223624000000000000000000000000000000000
0.93693968296327390000000000000000000000000000000000 -0.24343898485658230000000000000000000000000000000000 -1.46981771395447680000000000000000000000000000000000 -0.26812911819929810000000000000000000000000000000000 -1.30665665364120400000000000000000000000000000000000 -1.08065226665007660000000000000000000000000000000000 1.13817643900461560000000000000000000000000000000000 -0.76651224217945970000000000000000000000000000000000 -1.66356061093665120000000000000000000000000000000000 -1.95135908535775800000000000000000000000000000000000 0.08161770838512343000000000000000000000000000000000
1.00746625517038970000000000000000000000000000000000 0.78570164092489720000000000000000000000000000000000 -1.43605071410407330000000000000000000000000000000000 0.08129870340313235000000000000000000000000000000000 0.21852436886308715000000000000000000000000000000000 -0.76618149152301020000000000000000000000000000000000 0.66283434450086500000000000000000000000000000000000 0.26399647176825514000000000000000000000000000000000 -0.76277625089414450000000000000000000000000000000000 -0.11548565404811724000000000000000000000000000000000 -0.46397940463646264000000000000000000000000000000000
1.02250847165652430000000000000000000000000000000000 -0.40255506794892750000000000000000000000000000000000 -3.07471948985101400000000000000000000000000000000000 0.96223385791799590000000000000000000000000000000000 -0.95582284445830190000000000000000000000000000000000 1.06185907613053200000000000000000000000000000000000 -0.59986877246678000000000000000000000000000000000000 -0.88126718656760970000000000000000000000000000000000 -2.24014542482716550000000000000000000000000000000000 -2.50002203693101200000000000000000000000000000000000 2.19324924048889920000000000000000000000000000000000
0.99083647728112090000000000000000000000000000000000 1.23255863251952570000000000000000000000000000000000 -1.36480750133262970000000000000000000000000000000000 -0.18352218739095427000000000000000000000000000000000 -0.39591834192166675000000000000000000000000000000000 -0.54844150069127310000000000000000000000000000000000 -0.68838855346778300000000000000000000000000000000000 -0.57915985650991200000000000000000000000000000000000 -0.45567055426141280000000000000000000000000000000000 -0.64683541986175770000000000000000000000000000000000 -0.34422770287734910000000000000000000000000000000000
0.94897333874829710000000000000000000000000000000000 1.22003664519017720000000000000000000000000000000000 -1.35226979101557920000000000000000000000000000000000 -0.15371571727873756000000000000000000000000000000000 -0.44177979647648600000000000000000000000000000000000 -0.54065591978078340000000000000000000000000000000000 -0.83599397864289720000000000000000000000000000000000 -0.55536197765750610000000000000000000000000000000000 -0.51107911461985140000000000000000000000000000000000 -0.61803216662075270000000000000000000000000000000000 -0.33735712063892986000000000000000000000000000000000
0.96385743081417420000000000000000000000000000000000 1.07059256453317220000000000000000000000000000000000 -1.39804254150029900000000000000000000000000000000000 0.03113169087282601300000000000000000000000000000000 -0.01853122972167187500000000000000000000000000000000 -0.65102786244363600000000000000000000000000000000000 -0.00374560112024297430000000000000000000000000000000 -0.08209388945235879000000000000000000000000000000000 -0.63737229876684180000000000000000000000000000000000 -0.36692259592902180000000000000000000000000000000000 -0.39333516368552770000000000000000000000000000000000
0.89179830426862360000000000000000000000000000000000 0.15559289173959698000000000000000000000000000000000 -1.35561386725335980000000000000000000000000000000000 0.64422789452456540000000000000000000000000000000000 -1.05358880557195980000000000000000000000000000000000 -0.95328037819721600000000000000000000000000000000000 -0.20218326267799774000000000000000000000000000000000 -0.82081756654652900000000000000000000000000000000000 -0.82575552130572270000000000000000000000000000000000 -1.07834144648223000000000000000000000000000000000000 -0.77138080691661160000000000000000000000000000000000
0.95410074998503190000000000000000000000000000000000 -0.00488663665171201100000000000000000000000000000000 -1.54542168521592660000000000000000000000000000000000 -0.00111278277974088900000000000000000000000000000000 -0.77113200483296220000000000000000000000000000000000 -0.85087839223576530000000000000000000000000000000000 1.70615602090855710000000000000000000000000000000000 0.99239883780805780000000000000000000000000000000000 -2.25389742245716800000000000000000000000000000000000 -1.18501494074761070000000000000000000000000000000000 0.16391919363762122000000000000000000000000000000000
0.90142064936899590000000000000000000000000000000000 -0.25282645859902970000000000000000000000000000000000 -0.96456860782766480000000000000000000000000000000000 1.55831140505815660000000000000000000000000000000000 2.60292564157255550000000000000000000000000000000000 -0.88291128218573050000000000000000000000000000000000 -0.76713401624567150000000000000000000000000000000000 -1.04529308142614030000000000000000000000000000000000 -1.32724185599586720000000000000000000000000000000000 -0.46091012507253240000000000000000000000000000000000 1.12530828758404190000000000000000000000000000000000
